Smooth

1.

[18,18,21,21,19,18,20,33,13,16,19,12,19,13,34,9,10,11,6,11,8,10,7,13,8,10,10,10,11,10,7,11,6,10,9,10,8,10,18,10,12,13,9,11,10,9,11,9,10,8,10,10,13,12,12,10,9,8,9,10,12,10,7,10,9,11,8,7,11,10,13,13,10,10,11,10,9,12,14,14,10,10,9,9,13,12,10,9,11,14,15,14,14,16,13,13,9,13,12,10,8,15,15,14,16,20,19,20,21,19,18,19,18,16,18]

2.

[23,24,23,13,20,22,22,15,19,20,15,21,14,12,16,17,12,17,13,10,13,17,12,14,15,14,12,17,14,13,18,16,13,15,16,18,16,15,15,14,14,15,15,15,14,15,15,15,14,14,13,14,15,16,13,21,14,13,32,13,13,14,12,10,14,16,14,13,13,13,10,12,14,15,14,13,12,14,10,16,14,11,12,15,12,17,13,14,20,20,21]

Bumpy

1.
[13,23,16,17,19,16,12,4,18,16,24,14,19,11,11,13,15,12,17,9,12,13,15,12,11,11,17,11,11,10,17,9,10,15,18,15,8,12,15,14,10,11,13,12,20,13,17,23,10,13,16,9,9,16,10,12,9,7,20,15,11,20,16,16,7,7,15,16,15,12,23,8,14,18,12,14,10,12,10,12,10,18,11,11,10,12,12,15,13,14,16,11,13,11,13,16,13,16,12,10,16,18,20,18,18,15,22,21]


2.

[16,16,19,17,17,15,20,22,17,20,16,18,11,12,14,12,10,12,7,11,13,19,15,10,20,11,10,14,24,10,15,11,11,13,18,11,9,14,10,13,12,13,11,11,6,10,12,9,10,9,10,12,9,14,13,14,12,9,9,7,7,13,13,9,10,19,16,16,15,5,11,14,11,16,12,13,12,11,10,12,6,12]

4835